# Waypoint list
coordinate_type: "enu" # If the trajectory is ENU, we assume that the waypoints are expressed in the WORLD frame
gps_reference: [47.4503488, 8.6815056, 0.0]

# Trajectory
agent_0:
    easting:  [-5.00, 4.67, 4.67, 17.33, 17.33, 30.00, 30.00]
    northing: [-4.00, -4.00, 40.00, 40.00, -4.00, -4.00, 40.00]
    height:   [1.00, 1.00, 1.00, 1.00, 1.00, 1.00, 1.00]
    
agent_1:
    easting:  [24.00, 24.00, -8.00, 24.00, -8.00] # to go behind the structure: 34.00
    northing: [0.00, -15.00, -15.00, -30.00, -30.00]
    height:   [1.00, 1.00, 1.00, 1.00, 1.00]
    
agent_2:
    easting:  [30.00, 30.00, -30.00, -30.00, 30.00]
    northing: [-32.00, -42.00, -42.00, -52.00, -52.00]
    height:   [1.00, 1.00, 1.00, 1.00, 1.00]
    
agent_3:
    easting:  [-24.00, -24.00, -35.00, -35.00, -24.00, -24.00, -35.00, -35.00, -24.00, -24.00, -35.00]
    northing: [40.00, 25.83, 25.83, 11.67, 11.67, -2.50, -2.50,-16.67, -16.67, -30.83, -30.83]
    height:   [1.00, 1.00, 1.00, 1.00, 1.00, 1.00, 1.00, 1.00, 1.00, 1.00, 1.00]
